# Directed graph
# Simulated Graph
# Nodes: 100; Edges: 9912; k: 5; Generated Cliques: 10000
# FromNodeId	ToNodeId
11	79
46	37
48	35
55	35
51	55
52	37
17	71
20	62
69	4
25	85
43	37
68	11
84	87
57	42
83	91
0	43
52	29
74	61
17	26
34	32
1	96
64	52
41	72
2	24
16	46
76	95
63	52
96	92
72	41
89	74
9	92
84	40
73	22
24	55
93	12
54	92
42	96
49	5
71	88
38	55
46	86
68	48
16	16
78	12
93	6
8	1
14	49
45	36
66	2
55	16
96	48
96	24
77	51
42	55
57	1
50	46
92	62
63	23
41	29
89	2
62	59
29	38
83	36
2	67
27	72
55	62
25	88
46	97
2	99
74	6
83	61
89	94
92	28
39	64
48	97
99	99
79	9
60	83
82	28
22	84
53	27
93	10
89	44
26	78
74	40
64	42
59	99
27	39
45	32
55	69
86	53
87	96
75	21
4	52
24	62
86	68
62	88
67	14
17	47
0	2
97	79
3	88
31	70
98	51
84	15
14	48
61	65
86	72
1	55
0	41
30	23
86	6
87	17
15	21
34	8
85	50
87	52
88	29
84	11
9	39
84	8
14	43
0	18
51	59
82	37
28	26
38	62
4	81
10	44
66	45
36	73
10	37
16	8
19	39
34	89
30	72
30	68
90	71
64	97
67	78
18	28
45	68
59	61
71	2
64	74
59	49
41	26
60	78
36	10
86	43
8	59
72	69
96	40
36	90
79	47
81	26
9	53
69	30
78	32
16	62
18	57
41	70
50	7
90	36
81	81
63	11
12	34
57	95
10	24
15	77
93	67
35	28
31	64
60	44
66	22
3	16
76	47
67	3
96	28
74	1
16	32
6	19
48	72
50	45
29	54
34	19
49	28
53	22
89	30
48	95
29	14
16	92
34	87
24	41
64	45
2	85
94	7
43	30
49	8
54	29
39	18
27	28
62	19
13	33
70	45
16	6
94	74
19	53
56	37
52	88
58	20
0	29
67	93
87	87
98	64
69	61
0	35
30	15
21	73
22	40
59	86
16	84
12	90
30	87
51	9
56	29
46	93
38	17
3	62
21	56
42	70
22	75
69	60
78	7
69	19
3	31
7	71
1	48
54	32
19	50
5	5
39	44
98	67
6	79
12	7
60	23
99	15
48	9
69	48
75	10
67	7
47	55
27	10
82	30
22	29
66	39
27	1
47	72
91	61
6	94
84	38
91	0
39	88
8	0
98	63
60	43
81	43
4	98
81	45
36	81
48	18
41	33
97	13
78	49
84	52
44	98
18	79
32	98
0	59
4	20
76	14
13	48
28	11
95	85
92	13
26	11
92	61
14	46
10	49
43	68
41	22
44	43
43	11
1	29
20	1
67	63
76	80
42	2
72	20
4	53
5	38
58	80
47	14
38	44
37	4
69	8
4	42
29	75
70	16
84	96
12	35
83	76
60	95
37	97
79	95
65	63
93	68
6	3
45	64
37	89
13	42
57	80
84	92
79	3
68	16
96	23
77	55
15	34
19	36
14	84
6	48
49	87
48	83
75	0
90	87
15	72
18	62
97	1
77	64
97	34
25	63
74	74
47	6
52	46
46	4
80	14
21	10
3	95
63	13
2	95
88	94
14	78
81	67
49	41
28	2
40	89
50	54
55	76
48	57
85	28
18	82
55	59
2	17
72	60
45	85
56	52
79	59
88	62
64	65
31	98
56	61
44	58
10	16
37	33
40	47
26	61
91	84
62	97
72	9
99	65
1	83
76	74
71	17
46	35
58	12
33	26
46	17
76	62
18	68
27	23
88	83
58	29
63	98
29	36
97	33
64	66
0	24
41	0
79	55
92	86
32	49
43	79
14	14
86	25
75	99
81	60
0	6
45	37
43	24
29	68
69	78
70	43
76	54
11	9
62	51
48	88
50	42
65	6
6	62
90	8
0	3
85	57
58	73
87	36
86	29
42	75
93	39
63	63
89	9
97	64
74	29
2	31
3	27
74	78
60	99
78	78
45	75
68	19
93	81
69	40
49	9
44	52
56	43
54	28
88	61
46	16
37	65
84	60
6	30
54	87
75	55
21	84
40	58
7	41
39	85
65	86
42	32
79	50
88	90
87	68
71	85
67	48
64	9
75	19
77	20
32	51
70	94
72	92
44	26
78	3
60	70
12	79
57	7
44	97
9	81
3	0
26	40
94	22
57	74
79	80
78	64
63	84
78	88
52	69
70	28
53	25
10	41
70	8
18	41
99	51
16	64
7	26
42	77
73	72
40	98
16	72
19	46
73	24
34	71
66	24
2	1
86	9
37	69
90	89
25	56
41	50
69	51
29	79
33	40
22	20
35	25
8	12
63	72
1	72
7	29
30	3
73	80
46	40
0	21
37	53
58	15
17	8
72	44
98	76
59	94
39	33
22	24
62	16
48	58
70	33
93	66
67	98
20	89
74	86
94	81
89	50
26	19
48	41
14	80
15	60
89	52
91	72
0	60
93	48
79	53
79	93
66	81
57	60
31	82
72	99
29	31
22	53
22	96
1	34
89	28
93	14
11	1
63	26
23	88
71	77
37	24
63	40
80	97
28	32
3	80
64	64
57	35
42	67
76	17
75	74
95	29
68	34
51	8
72	72
79	17
70	90
22	16
11	17
64	98
48	6
2	26
76	4
97	48
81	90
12	94
89	55
74	51
56	94
61	41
33	10
45	6
74	66
58	69
0	65
94	9
11	49
82	29
76	19
28	53
48	93
59	39
6	82
8	65
65	94
4	48
72	29
21	96
94	68
10	77
28	94
34	76
13	45
0	44
23	37
61	37
27	74
32	1
0	63
66	84
90	7
68	94
97	58
52	83
69	73
31	41
37	7
2	80
87	46
15	10
47	95
65	59
73	15
90	32
8	38
80	13
5	91
35	43
52	75
99	89
15	73
62	39
80	16
48	74
30	97
86	37
40	13
51	58
11	18
37	5
67	80
58	79
45	70
96	65
59	10
81	99
99	45
76	72
38	75
40	86
61	93
8	74
27	85
4	10
87	34
12	58
20	49
23	26
62	85
86	23
14	73
69	39
79	36
41	57
60	88
65	1
12	73
59	17
81	7
15	6
79	88
29	90
46	6
20	35
93	43
68	0
17	82
25	52
41	59
85	98
94	5
45	59
96	34
87	5
7	13
43	19
91	73
23	44
51	73
1	35
13	98
45	88
72	64
89	67
82	68
9	63
88	40
46	11
8	25
35	90
69	45
84	3
2	21
8	16
7	51
6	84
9	14
79	18
52	23
22	63
91	78
60	39
41	42
36	72
4	23
77	84
9	19
6	46
37	49
66	79
3	52
57	3
89	11
3	2
95	52
64	50
70	34
53	3
24	10
87	38
53	41
20	23
96	44
6	70
78	40
71	79
22	83
23	11
51	75
76	55
12	52
89	31
97	8
92	67
98	87
23	18
98	29
49	99
55	89
25	38
51	91
20	39
95	15
52	18
72	4
62	20
17	21
64	4
13	88
85	99
79	2
29	26
80	60
11	43
4	57
28	38
1	88
12	62
23	52
87	9
92	79
30	24
54	80
81	75
26	42
69	80
6	63
46	23
79	85
96	62
25	82
75	45
27	8
42	64
14	40
2	57
8	27
44	48
38	90
15	13
99	83
84	59
84	1
88	46
24	84
94	56
26	31
11	82
83	51
8	48
55	38
49	91
72	58
72	61
91	28
81	4
27	22
83	74
11	14
56	26
81	37
57	41
75	46
61	14
45	15
9	98
8	4
16	56
61	19
20	51
20	67
68	60
22	55
95	17
50	15
6	34
62	12
70	68
90	59
98	58
81	33
35	40
19	32
53	73
5	45
68	82
32	52
49	18
23	94
6	75
90	99
30	20
60	0
8	54
83	7
88	25
15	87
19	57
99	70
41	96
87	33
76	1
89	59
80	7
21	71
93	26
92	46
48	34
92	83
6	99
40	23
57	87
42	48
94	66
15	78
81	94
63	60
17	13
95	32
28	43
93	75
78	28
53	11
14	38
80	92
31	9
52	25
2	40
55	22
88	80
11	20
6	83
70	82
63	46
84	46
88	6
19	34
27	52
18	15
84	30
33	4
44	92
78	36
15	71
65	98
98	81
69	5
14	35
78	50
87	98
27	19
12	68
8	92
21	11
35	50
73	30
41	19
26	56
23	74
83	46
33	70
74	8
14	2
9	97
44	35
12	36
48	73
16	50
0	87
96	96
99	25
0	90
31	75
58	22
82	26
55	82
74	88
4	26
57	29
10	91
23	51
66	83
39	55
85	97
4	28
59	58
78	87
88	4
52	78
64	21
54	16
52	82
99	61
22	99
35	42
59	96
87	62
35	33
43	15
25	53
71	92
2	90
20	22
3	38
18	97
59	36
62	9
41	39
47	57
97	15
51	82
15	59
66	32
84	81
7	90
81	19
52	32
61	56
56	32
99	74
74	60
38	31
96	11
13	81
70	99
17	35
44	78
10	5
25	45
78	54
80	78
72	54
71	31
88	2
11	97
8	68
99	86
22	72
21	19
49	94
5	8
20	94
94	20
20	75
75	20
20	46
46	20
20	97
97	20
94	75
75	94
94	46
46	94
94	97
97	94
46	75
75	97
97	75
97	46
33	32
32	33
33	34
34	33
33	65
65	33
33	35
32	34
32	65
65	32
32	35
35	32
34	65
65	34
34	35
35	34
65	35
35	65
26	93
26	67
67	26
26	15
15	26
26	87
87	26
93	15
15	93
93	87
87	93
67	15
15	67
67	87
87	67
87	15
98	3
3	98
98	86
86	98
98	75
75	98
98	59
59	98
3	86
86	3
3	75
75	3
3	59
59	3
86	75
75	86
86	59
75	59
59	75
13	95
95	13
13	35
35	13
13	5
5	13
13	18
18	13
95	35
35	95
95	5
5	95
95	18
18	95
35	5
5	35
35	18
18	35
5	18
18	5
12	83
83	12
12	72
72	12
12	43
43	12
73	12
83	72
72	83
83	43
43	83
83	73
73	83
72	43
43	72
72	73
43	73
73	43
10	71
71	10
10	54
54	10
10	33
10	61
61	10
71	54
54	71
71	33
33	71
71	61
61	71
54	33
33	54
54	61
61	54
33	61
61	33
53	90
90	53
53	2
2	53
53	51
51	53
53	4
90	2
90	51
51	90
90	4
4	90
2	51
51	2
2	4
4	2
51	4
4	51
32	19
32	20
20	32
32	46
46	32
32	96
96	32
19	20
20	19
46	19
19	96
96	19
20	96
96	20
46	96
96	46
36	69
69	36
36	9
9	36
36	40
40	36
36	50
50	36
69	9
9	69
40	69
69	50
50	69
9	40
40	9
9	50
50	9
40	50
50	40
8	97
97	54
54	97
97	76
76	97
97	87
87	97
54	8
8	76
76	8
8	87
87	8
54	76
87	54
76	87
87	76
34	96
96	63
63	96
96	83
83	96
96	89
89	96
34	63
63	34
34	83
83	34
89	34
63	83
83	63
63	89
89	63
83	89
89	83
66	50
50	66
66	80
80	66
66	46
46	66
66	95
95	66
50	80
80	50
46	50
50	95
95	50
80	46
46	80
80	95
95	80
46	95
95	46
34	64
64	34
34	13
13	34
34	59
59	34
34	93
93	34
64	13
13	64
64	59
59	64
64	93
93	64
13	59
59	13
13	93
93	13
59	93
93	59
97	53
53	97
97	19
19	97
97	6
6	97
97	18
53	19
53	6
6	53
53	18
18	53
19	6
19	18
18	19
6	18
18	6
98	84
84	98
98	31
98	82
82	98
98	99
99	98
84	31
31	84
84	82
82	84
84	99
99	84
82	31
31	99
99	31
82	99
99	82
19	17
17	19
19	29
29	19
19	63
63	19
19	86
86	19
17	29
29	17
17	63
63	17
17	86
86	17
29	63
63	29
29	86
63	86
86	63
77	8
8	77
77	4
4	77
77	26
26	77
77	98
98	77
4	8
8	26
26	8
8	98
98	8
26	4
98	4
26	98
98	26
9	57
57	9
9	80
80	9
9	4
4	9
9	28
28	9
80	57
57	4
57	28
28	57
80	4
4	80
80	28
28	80
28	4
71	26
26	71
71	36
36	71
71	20
20	71
26	36
36	26
26	10
10	26
26	20
20	26
10	36
36	20
20	36
10	20
20	10
25	47
47	25
38	25
25	57
57	25
47	52
52	47
47	38
38	47
57	47
52	38
38	52
52	57
57	52
38	57
57	38
16	60
60	16
16	3
16	9
9	16
16	89
89	16
60	3
3	60
60	9
9	60
60	89
89	60
3	9
9	3
3	89
89	3
9	89
30	74
74	30
15	30
30	10
10	30
30	56
56	30
74	15
15	74
74	10
10	74
74	56
56	74
10	15
15	56
56	15
10	56
56	10
2	14
14	66
66	14
48	14
14	77
77	14
2	66
2	48
48	2
2	77
77	2
66	48
48	66
66	77
77	66
48	77
77	48
74	99
99	33
33	99
99	73
73	99
61	99
74	33
33	74
74	73
73	74
61	74
33	73
73	33
73	61
61	73
50	37
37	50
50	53
53	50
50	63
63	50
50	17
17	50
53	37
37	63
63	37
37	17
17	37
53	63
63	53
53	17
17	53
89	69
69	89
89	54
54	89
89	1
1	89
89	43
43	89
69	54
54	69
69	1
1	69
69	43
43	69
54	1
1	54
54	43
43	54
1	43
43	1
81	12
12	81
81	50
50	81
81	80
80	81
81	87
87	81
12	50
50	12
12	80
80	12
12	87
87	12
50	87
87	50
80	87
87	80
91	3
3	91
61	91
91	69
69	91
91	83
3	61
61	3
3	69
69	3
3	83
83	3
61	69
61	83
69	83
83	69
75	8
8	75
75	27
27	75
75	18
18	75
8	3
3	8
8	18
18	8
27	3
27	18
18	27
3	18
18	3
17	97
97	17
17	59
17	80
80	17
17	69
69	17
97	59
59	97
97	80
97	69
69	97
59	80
80	59
59	69
69	59
80	69
94	76
76	94
94	82
82	94
94	29
29	94
94	70
76	82
82	76
76	29
29	76
76	70
70	76
29	82
82	70
29	70
70	29
54	36
36	54
54	6
6	54
92	54
54	56
56	54
36	6
6	36
36	92
92	36
36	56
56	36
6	92
92	6
6	56
56	6
92	56
56	92
18	26
26	18
82	18
18	38
38	18
18	4
4	18
26	82
26	38
38	26
82	38
38	82
82	4
4	82
38	4
4	38
41	98
98	41
41	15
15	41
41	2
2	41
41	92
92	41
98	15
15	98
98	2
2	98
98	92
92	98
15	2
2	15
15	92
92	15
2	92
92	2
8	84
8	5
59	8
8	37
37	8
84	5
5	84
59	84
84	37
37	84
5	59
59	5
5	37
59	37
37	59
40	5
5	40
40	37
37	40
40	87
87	40
40	80
80	40
5	87
5	80
80	5
37	87
87	37
37	80
80	37
97	72
72	97
97	81
81	97
97	61
61	97
72	81
81	72
61	72
72	6
6	72
81	61
61	81
81	6
6	81
61	6
6	61
0	8
8	67
67	8
74	27
74	0
0	74
74	67
67	74
27	0
0	27
27	67
67	27
0	67
67	0
49	85
85	49
49	19
19	49
49	3
3	49
49	25
25	49
85	19
19	85
85	3
3	85
85	25
19	3
3	19
19	25
25	19
3	25
25	3
67	39
39	67
67	84
84	67
67	1
1	67
67	5
5	67
39	84
84	39
39	1
1	39
39	5
5	39
1	84
1	5
5	1
25	64
64	25
25	8
25	7
7	25
25	65
65	25
64	8
8	64
64	7
7	64
65	64
8	7
7	8
65	8
7	65
65	7
87	31
31	87
87	45
45	87
87	44
44	87
31	45
45	31
31	44
44	31
31	76
76	31
45	44
44	45
45	76
76	45
44	76
76	44
45	22
22	45
45	25
45	81
45	23
23	45
22	25
25	22
22	81
81	22
22	23
23	22
25	81
81	25
25	23
23	25
81	23
23	81
64	27
27	64
64	1
1	64
64	84
84	64
27	97
97	27
1	27
27	84
84	27
1	97
97	84
84	97
67	9
9	67
3	67
93	1
1	93
93	9
9	93
93	3
3	93
1	9
9	1
1	3
3	1
38	3
3	55
55	3
3	76
76	3
69	38
38	69
69	55
69	76
76	69
38	76
76	38
85	46
46	85
85	92
92	85
85	24
24	85
85	14
14	85
46	92
46	24
24	46
46	14
92	24
24	92
92	14
14	92
24	14
14	24
78	15
88	78
78	45
45	78
78	73
73	78
15	88
88	15
15	45
88	45
88	73
73	88
45	73
73	45
36	25
25	36
36	3
3	36
36	0
0	36
36	51
51	36
25	0
0	25
25	51
51	25
3	51
51	3
0	51
51	0
41	18
41	91
91	41
41	48
18	91
91	18
18	92
92	18
18	48
91	92
92	91
91	48
48	91
92	48
48	92
20	52
52	20
20	12
12	20
20	72
20	90
90	20
52	12
52	72
72	52
52	90
90	52
90	12
72	90
90	72
36	77
77	36
40	77
77	40
40	92
92	40
69	77
77	69
69	92
92	69
77	92
92	77
29	13
13	29
29	5
5	29
29	88
13	17
88	13
5	17
17	5
5	88
88	5
17	88
88	17
63	21
21	63
40	63
63	65
21	40
40	21
21	65
65	21
21	83
83	21
40	65
65	40
40	83
83	40
65	83
83	65
99	14
14	99
99	94
94	99
99	30
30	99
99	68
68	99
14	94
94	14
14	30
30	14
14	68
68	14
94	30
30	94
68	30
17	77
77	17
17	62
62	17
17	14
14	17
17	85
85	17
77	62
62	77
77	85
85	77
62	14
14	62
85	62
85	15
15	85
28	85
57	85
17	15
15	17
17	28
28	17
17	57
57	17
15	28
28	15
15	57
57	15
7	94
94	83
83	94
94	61
61	94
7	83
7	56
56	7
7	61
61	7
83	56
56	83
14	75
75	14
14	65
65	14
14	47
48	75
75	48
48	65
65	48
48	47
47	48
75	65
65	75
75	47
47	75
65	47
47	65
65	11
11	65
65	44
44	65
65	17
17	65
65	77
77	65
11	44
44	11
17	11
11	77
77	11
44	17
17	44
44	77
77	44
68	50
50	68
68	65
65	68
48	68
68	23
23	68
50	65
65	50
50	48
48	50
50	23
23	50
65	23
23	65
48	23
23	48
73	6
6	73
73	94
94	73
73	96
96	73
6	15
94	6
6	96
96	6
15	94
94	15
15	96
96	15
94	96
96	94
36	45
37	45
45	89
89	45
45	77
77	45
36	37
37	36
36	89
89	36
89	37
37	77
77	37
89	77
77	89
28	97
97	28
28	25
25	28
28	34
34	28
28	8
8	28
97	25
25	97
34	97
25	34
34	25
8	34
98	25
25	98
98	68
68	98
98	32
25	68
68	25
25	84
84	25
25	32
32	25
68	84
84	68
68	32
32	68
84	32
32	84
63	25
63	48
48	63
11	63
25	48
48	25
25	11
11	25
48	53
53	48
48	11
11	48
11	53
64	72
72	77
77	72
72	84
84	72
64	41
41	64
64	77
41	77
77	41
41	84
84	41
84	77
76	53
53	76
76	90
90	76
3	53
3	70
70	3
3	90
90	3
53	70
70	53
90	70
68	12
68	22
22	68
68	74
74	68
12	22
22	12
12	74
74	12
12	14
14	12
22	74
74	22
22	14
14	22
74	14
14	74
72	37
37	72
72	28
28	72
72	96
96	72
72	30
37	28
28	37
37	96
96	37
37	30
30	37
28	96
28	30
30	28
96	30
30	96
38	50
50	38
38	87
38	48
48	38
38	22
22	38
50	22
22	50
87	48
48	87
87	22
22	87
48	22
22	48
35	20
35	87
87	35
35	2
2	35
35	6
6	35
20	87
87	20
20	2
2	20
20	6
6	20
87	2
2	87
87	6
6	87
2	6
6	2
72	59
59	72
29	72
72	14
14	72
72	70
70	72
59	29
29	59
59	14
14	59
59	70
70	59
14	29
14	70
70	14
33	25
25	33
33	67
67	33
33	87
25	67
67	25
25	87
87	25
25	10
10	25
67	10
10	67
87	10
10	87
92	70
70	92
92	10
10	92
28	92
70	10
10	70
28	70
70	48
48	70
10	28
28	10
10	48
48	10
28	48
48	28
43	62
62	43
43	56
15	43
62	72
72	62
62	56
56	62
62	15
15	62
72	56
56	72
72	15
15	32
32	15
15	91
91	15
32	91
91	32
32	2
2	32
32	6
6	32
91	2
2	91
91	6
6	91
41	97
97	41
42	41
50	41
41	78
78	41
97	42
42	97
97	50
50	97
97	78
78	97
42	50
42	78
78	42
50	78
70	50
50	70
70	83
83	70
68	70
94	50
50	94
50	83
83	50
83	68
68	83
54	60
60	54
54	14
14	54
71	60
60	71
71	14
14	71
71	29
29	71
60	14
14	60
60	29
29	60
88	8
8	88
88	31
31	88
88	82
82	88
88	74
8	31
31	8
8	82
82	8
31	74
74	31
82	74
74	82
80	34
34	80
80	90
90	80
80	29
29	80
80	3
34	90
90	34
34	29
29	34
34	3
3	34
90	29
29	3
3	29
39	49
49	39
44	39
33	39
39	71
71	39
49	44
44	49
49	33
33	49
49	71
71	49
44	33
33	44
44	71
71	44
62	3
62	28
28	62
62	90
90	62
62	50
50	62
3	28
28	3
3	50
50	3
28	90
90	28
28	50
50	28
90	50
50	90
64	24
24	64
64	5
5	64
64	32
32	64
24	5
5	24
24	72
72	24
24	32
32	24
5	72
72	5
5	32
32	5
72	32
32	72
35	89
89	35
35	54
54	35
42	35
35	68
68	35
89	42
42	89
89	68
68	89
54	42
42	54
54	68
68	54
42	68
68	42
69	11
11	69
69	20
20	69
69	85
85	69
80	11
11	80
80	20
20	80
80	85
85	80
20	11
11	85
85	11
20	85
85	20
43	50
50	43
37	43
43	45
45	43
43	42
42	43
45	50
37	42
42	37
45	42
42	45
25	24
24	25
25	4
4	25
25	93
93	25
84	24
24	4
4	24
24	93
93	24
84	4
4	84
84	93
93	84
4	93
93	4
12	53
53	12
35	12
12	88
88	12
53	35
35	53
53	88
88	53
73	53
35	88
88	35
35	73
73	35
66	82
82	66
66	51
51	66
66	73
73	66
14	82
82	14
14	51
51	14
73	14
82	51
82	73
73	82
73	51
78	57
57	78
78	91
78	27
27	78
78	14
57	91
91	57
57	27
27	57
57	14
14	57
91	27
27	91
91	14
14	91
27	14
14	27
84	29
29	84
40	84
84	94
94	84
29	40
40	29
29	27
27	29
40	27
27	40
40	94
94	40
27	94
94	27
89	26
26	89
89	29
29	89
89	88
88	89
89	12
12	89
26	29
26	88
88	26
26	12
12	26
29	12
12	29
51	95
95	51
51	96
96	51
51	28
28	51
66	96
96	66
66	28
28	66
95	96
96	95
95	28
28	95
28	69
69	28
28	24
24	28
28	45
45	28
69	24
24	69
69	10
10	69
45	69
24	45
45	24
10	45
45	10
30	48
48	30
30	65
65	30
30	2
2	30
30	40
40	30
48	40
40	48
65	2
2	65
40	2
6	16
16	55
16	34
34	16
3	6
6	55
55	6
34	6
55	34
34	55
41	88
88	41
33	41
64	88
88	64
64	57
57	64
64	33
33	64
88	57
57	88
88	33
33	88
57	33
33	57
52	34
34	52
52	11
11	52
52	96
96	52
52	71
71	52
34	11
11	34
71	34
11	96
11	71
71	11
96	71
71	96
96	82
82	96
96	50
50	96
96	36
36	96
82	50
50	82
82	36
36	82
73	50
50	73
73	36
47	86
86	47
47	71
71	47
47	13
13	47
86	71
71	86
86	13
13	86
86	65
71	13
13	71
71	65
65	71
13	65
65	13
24	29
29	24
24	0
24	79
79	24
24	2
29	0
79	29
29	2
2	29
0	79
79	0
2	0
2	79
9	10
10	9
9	42
42	9
9	12
12	9
9	66
66	9
10	42
42	10
10	12
12	10
10	66
66	10
42	12
12	42
42	66
66	42
12	66
66	12
43	44
43	61
61	43
43	27
27	43
43	5
5	43
44	61
61	44
44	27
27	44
44	5
5	44
61	27
27	61
61	5
5	61
27	5
5	27
50	13
13	50
50	16
45	13
13	16
16	13
13	9
9	13
45	16
16	45
45	9
9	45
58	90
90	58
58	4
4	58
58	26
26	58
58	67
67	58
90	26
26	90
90	67
67	90
4	67
67	4
2	97
97	2
85	2
97	85
15	97
97	30
85	30
30	85
15	31
31	15
15	89
89	15
31	6
6	31
31	89
31	94
94	31
6	89
89	6
94	89
54	95
95	54
54	81
81	54
54	15
15	54
28	54
95	81
81	95
15	95
81	15
15	81
81	28
28	81
48	59
59	48
48	98
98	48
48	71
71	48
59	71
71	59
98	70
70	98
98	71
71	98
70	71
71	70
40	28
28	40
40	88
40	16
16	40
28	88
88	28
28	16
16	28
50	88
88	50
88	16
16	88
55	98
98	55
55	74
74	55
55	99
99	55
98	74
74	98
74	3
3	74
3	99
99	3
0	38
38	0
0	94
94	0
0	95
95	0
38	67
67	38
38	94
94	38
38	95
95	38
67	94
94	67
67	95
95	67
94	95
95	94
53	32
32	53
53	62
62	53
53	47
47	53
53	34
34	53
32	62
62	32
32	47
47	32
62	47
47	62
62	34
34	62
47	34
34	47
74	18
18	74
74	92
92	74
74	26
26	74
74	85
85	74
18	85
85	18
92	26
26	92
26	85
85	26
79	28
28	79
79	82
82	79
79	5
5	79
79	58
28	82
28	5
5	28
28	58
58	28
82	5
5	82
82	58
58	82
5	58
58	5
7	67
67	31
31	67
67	65
65	67
14	67
7	31
31	7
7	14
14	7
31	65
65	31
31	14
14	31
29	48
48	29
29	21
21	29
29	52
29	30
30	29
48	21
21	48
48	52
52	48
21	52
52	21
21	30
30	21
52	30
30	52
34	23
23	34
34	40
40	34
34	56
56	34
59	23
23	59
59	40
40	59
59	56
56	59
23	40
23	56
56	23
40	56
56	40
71	53
53	71
31	71
71	46
46	71
53	52
52	53
53	31
31	53
53	46
46	53
52	31
31	52
46	52
31	46
46	31
97	96
96	97
59	25
25	59
59	78
78	59
96	59
25	78
78	25
25	96
96	25
78	96
96	78
86	21
21	86
86	87
87	86
86	7
7	86
86	90
90	86
21	87
87	21
21	7
7	21
21	90
90	21
87	7
7	87
87	90
50	77
77	50
50	19
50	67
67	50
66	19
19	66
66	67
67	66
77	19
19	77
77	67
67	77
19	67
67	19
64	55
55	64
84	55
55	84
84	65
65	84
5	55
55	5
5	65
65	5
55	65
65	55
92	9
9	87
9	37
37	9
1	92
92	1
1	87
87	1
1	37
37	1
92	87
87	92
92	37
37	92
89	23
23	89
52	89
74	89
23	6
6	23
74	23
6	52
52	6
6	74
52	74
74	52
14	55
55	14
14	19
19	14
54	55
55	54
54	19
19	54
54	70
70	54
55	19
19	55
55	70
70	55
19	70
70	19
71	27
27	71
71	67
67	71
27	86
86	27
27	65
65	27
86	67
67	86
9	27
27	9
9	15
15	9
9	86
27	36
36	27
27	15
15	27
36	15
15	36
36	86
86	36
15	86
86	15
70	87
87	70
70	69
69	70
87	29
29	87
87	69
69	87
29	33
33	29
29	69
69	29
33	69
69	33
96	88
88	96
96	7
7	96
96	33
33	96
88	7
7	88
88	63
63	88
7	63
63	7
7	33
33	7
63	33
33	63
43	3
3	43
43	92
92	43
43	31
31	43
11	3
3	11
11	92
92	11
11	31
31	11
3	92
92	3
31	3
92	31
31	92
52	85
85	52
52	40
40	52
52	42
42	52
85	40
40	85
85	42
42	85
40	42
42	40
40	20
20	40
42	20
20	42
6	65
65	57
57	65
65	19
19	65
6	57
57	6
75	6
57	75
75	57
57	19
19	75
23	33
33	23
37	23
23	97
97	23
23	80
80	23
33	37
33	97
33	80
80	33
97	37
51	54
54	51
51	24
24	51
51	12
12	51
51	47
47	51
54	24
24	54
54	12
12	54
54	47
47	54
24	12
12	24
24	47
47	24
12	47
47	12
85	83
83	85
85	68
68	85
85	1
1	85
83	1
68	40
40	68
68	1
1	68
40	1
1	40
72	8
8	72
72	22
29	56
56	8
8	56
56	22
22	56
29	8
8	29
29	22
8	22
22	8
71	72
72	71
71	82
82	71
71	12
12	71
72	82
82	72
72	17
17	72
82	17
82	12
12	82
17	12
12	17
81	83
83	81
26	81
80	83
83	80
80	54
80	26
26	80
83	54
54	83
83	26
26	83
54	26
26	54
15	40
40	15
15	8
8	15
15	39
39	15
40	8
8	40
40	39
39	40
40	91
91	40
8	39
39	8
8	91
91	8
39	91
91	39
79	97
79	13
13	79
80	79
79	81
81	79
13	97
13	80
81	13
37	61
61	80
80	61
61	50
50	61
3	37
37	3
78	52
52	13
13	52
52	55
55	52
52	2
2	52
78	13
13	78
78	55
55	78
78	2
2	78
13	55
55	13
13	2
2	13
55	2
2	55
20	18
18	20
20	25
25	20
20	53
53	20
20	31
31	20
18	25
25	18
18	31
31	18
25	31
31	25
54	40
40	54
54	7
7	54
54	84
84	54
40	7
7	40
7	80
80	84
84	80
7	84
84	7
94	32
32	94
94	85
85	94
94	47
47	94
66	94
32	85
85	32
32	66
85	47
47	85
85	66
66	85
47	66
66	47
85	39
85	89
89	85
39	46
46	39
39	89
89	39
39	52
52	39
46	89
89	46
55	30
30	55
55	88
88	55
55	61
61	55
55	45
45	55
30	88
88	30
30	61
61	30
30	45
45	30
61	88
61	45
45	61
17	89
89	17
17	95
17	38
89	95
95	89
89	86
86	89
89	38
38	89
95	86
86	95
86	38
38	86
44	54
54	44
44	47
47	44
44	46
46	44
54	46
46	54
47	46
46	47
47	76
46	76
76	46
90	56
56	90
90	98
98	90
90	54
54	90
90	85
85	90
56	98
98	56
56	85
85	56
98	54
54	98
98	85
54	85
85	54
48	1
48	43
43	48
52	1
1	52
52	43
43	52
1	53
53	1
43	53
53	43
75	49
49	75
75	68
68	75
75	15
15	75
75	40
40	75
49	68
68	49
49	15
15	49
49	40
40	49
68	15
15	68
18	76
76	18
79	76
76	79
3	79
5	76
76	5
5	3
3	5
49	51
51	49
49	63
63	49
49	22
22	49
49	37
51	63
63	51
51	22
22	51
51	37
37	51
63	22
22	37
37	22
33	43
43	33
33	12
12	33
40	33
43	40
40	43
12	61
61	12
12	40
40	12
61	40
40	61
50	34
34	50
16	65
65	16
16	81
81	16
34	81
81	34
65	81
81	65
23	55
55	23
23	16
16	23
23	2
2	23
16	2
2	16
63	36
36	63
63	81
81	63
63	15
15	63
81	36
36	98
98	36
81	98
51	64
64	51
51	87
87	51
51	6
6	51
0	64
64	0
87	0
6	0
64	87
87	64
64	6
6	64
54	77
77	54
77	29
29	77
77	87
87	77
27	25
25	27
27	56
56	27
27	16
16	27
56	25
25	40
40	25
25	16
16	25
56	16
76	96
96	76
76	99
99	76
76	39
39	76
76	57
57	76
96	99
99	96
96	39
39	96
96	57
57	96
99	39
39	99
99	57
57	99
39	57
57	39
65	88
88	65
65	96
83	88
83	30
30	83
55	50
50	55
55	15
15	55
55	58
58	55
15	50
50	58
58	50
15	58
45	58
58	45
99	43
43	99
99	90
43	90
90	43
43	55
55	43
90	55
55	90
45	7
7	45
45	8
8	45
45	34
34	45
7	24
24	7
7	34
34	7
24	8
8	24
24	34
34	24
39	83
83	39
39	74
74	39
39	51
51	39
39	56
56	39
74	83
51	83
51	74
51	56
56	51
96	41
41	40
40	41
41	14
14	41
40	96
96	14
14	96
48	96
40	14
57	68
68	57
57	20
20	57
1	57
57	67
67	57
68	20
20	68
68	67
67	68
1	20
67	20
21	98
98	21
21	4
4	21
21	23
23	21
98	40
40	4
4	40
98	23
23	98
23	4
41	9
9	41
15	42
42	15
51	44
44	51
51	27
27	51
51	30
30	51
4	44
44	4
4	27
27	4
4	30
30	4
44	30
30	44
27	30
30	27
33	0
0	33
33	31
31	33
33	24
24	33
37	0
0	37
37	31
31	37
24	37
0	31
31	0
31	24
24	31
36	1
1	36
36	58
58	36
36	70
70	36
1	26
26	1
1	58
58	1
1	70
70	1
26	70
70	26
58	70
70	58
45	67
67	45
45	11
11	45
45	95
95	45
67	11
11	67
67	28
28	67
11	95
95	11
11	28
79	87
87	79
79	49
49	79
79	98
98	79
79	42
42	79
87	49
87	42
42	87
49	98
98	49
49	42
42	49
98	42
42	98
55	33
33	55
55	4
4	55
55	91
91	55
22	33
33	22
22	4
4	22
22	91
91	22
4	33
33	91
91	33
4	91
91	4
90	25
25	90
90	27
27	90
90	68
68	90
3	68
68	3
27	68
68	27
5	7
7	5
29	37
37	29
29	35
35	29
29	7
37	35
35	37
7	37
35	7
7	35
44	59
59	44
44	63
63	44
44	28
28	44
44	37
37	44
59	63
63	59
59	28
28	59
63	28
28	63
46	56
56	46
56	80
80	56
92	80
80	94
94	80
92	94
94	92
8	32
32	8
34	37
37	34
32	56
32	37
37	32
37	56
45	98
98	45
59	45
98	16
16	98
59	16
16	59
16	75
75	16
53	10
10	53
53	65
65	53
53	42
42	53
10	65
65	10
10	11
11	10
65	42
42	65
11	42
42	11
95	21
21	95
95	63
63	95
35	21
21	35
35	81
81	35
35	63
63	35
21	81
81	21
13	38
38	13
13	39
39	13
38	39
39	38
38	16
16	38
38	5
39	16
16	39
16	5
5	16
61	39
39	61
61	66
66	61
61	31
31	61
61	11
11	61
39	66
39	31
31	39
39	11
11	39
66	31
31	66
66	11
11	66
52	56
56	95
95	56
52	95
52	80
80	52
32	95
32	80
80	32
39	72
72	39
39	12
12	39
39	58
58	39
58	72
72	40
40	72
58	40
6	66
66	6
6	68
68	6
6	86
16	66
66	16
16	68
16	86
86	16
66	68
68	66
66	86
86	66
68	86
12	19
19	12
12	57
57	12
39	19
39	14
14	39
82	97
97	82
82	47
47	82
82	23
23	82
82	43
43	82
97	47
47	97
97	43
43	97
47	23
23	47
47	43
43	47
23	43
43	23
76	83
83	2
2	83
88	76
76	88
2	88
88	91
91	88
76	2
2	76
76	91
91	76
34	48
48	24
24	48
48	27
27	48
48	15
15	48
34	27
27	34
34	15
24	27
27	24
24	15
15	24
44	22
22	44
44	42
42	44
65	22
22	65
22	42
42	22
22	77
77	22
77	42
61	68
68	61
40	6
6	40
50	6
6	50
49	35
35	49
49	62
62	49
49	69
69	49
35	62
62	35
35	44
35	69
69	35
62	44
44	62
62	69
69	62
44	69
69	44
10	97
97	10
10	34
34	10
10	84
84	10
24	97
97	24
34	84
84	34
85	29
29	85
56	3
3	56
26	3
3	26
43	51
51	43
43	32
32	43
68	43
51	31
31	51
51	32
51	68
68	51
31	32
32	31
31	68
68	31
79	33
33	79
79	44
44	79
79	51
51	79
79	90
90	79
33	51
51	33
33	90
90	33
44	90
90	44
21	5
5	21
21	39
39	21
21	97
97	21
21	55
55	21
5	97
97	5
39	97
97	39
55	39
97	55
55	97
56	96
96	56
52	22
22	52
52	62
62	52
96	22
62	96
22	62
62	22
79	46
46	79
79	52
52	79
79	66
79	27
27	79
46	27
27	46
52	66
66	52
52	27
66	27
27	66
47	0
0	47
47	96
96	47
47	37
37	47
0	96
96	0
0	52
52	0
37	52
42	88
88	42
42	81
81	42
42	63
63	42
42	39
39	42
88	81
81	88
88	39
81	39
39	81
63	39
39	63
43	63
63	43
43	85
85	43
63	69
69	63
63	92
92	63
63	85
85	63
88	84
84	88
88	68
68	88
88	10
10	88
84	89
89	84
89	10
10	89
68	10
10	68
48	55
55	48
48	76
76	48
1	6
6	1
1	76
1	80
80	1
1	18
18	1
6	76
76	6
6	80
80	6
80	76
80	18
18	80
43	0
0	22
22	0
0	53
53	0
43	22
22	43
43	41
41	43
22	41
41	53
45	74
74	45
45	17
17	45
9	43
43	9
9	74
74	9
9	17
17	9
43	74
74	43
43	17
17	43
74	17
17	74
18	78
78	18
18	77
77	18
18	69
69	18
85	78
78	85
78	77
77	78
78	69
25	2
2	25
25	26
26	25
25	54
54	25
26	2
2	33
33	2
2	54
54	2
26	33
49	76
76	49
49	81
81	49
49	43
43	49
49	11
76	81
81	76
76	43
43	76
76	11
11	76
43	81
81	11
11	81
80	44
44	80
80	74
74	80
80	42
42	80
80	58
44	74
74	44
58	44
74	42
42	74
74	58
58	74
42	58
58	42
79	43
85	79
85	44
44	85
11	75
75	11
11	12
12	11
11	4
4	11
11	89
75	12
12	75
75	4
4	75
75	89
89	75
12	4
4	12
4	89
89	4
26	55
55	26
26	63
26	35
35	26
55	63
63	55
35	55
63	58
58	63
35	58
58	35
62	6
62	93
93	62
62	33
33	62
62	55
6	93
6	33
33	6
93	33
33	93
93	55
55	93
42	90
90	42
90	74
74	90
90	37
37	90
74	37
37	74
37	12
12	37
79	63
63	79
79	71
79	1
1	79
87	63
63	87
87	71
71	87
63	71
71	63
63	1
1	63
71	1
1	71
57	18
15	18
4	15
15	4
4	41
41	4
52	67
67	52
52	97
97	52
52	36
36	52
67	72
72	67
67	97
97	67
67	36
36	67
72	36
97	36
36	97
8	46
46	8
87	59
59	87
46	87
34	46
46	34
59	46
46	59
1	15
15	1
1	0
0	1
15	83
83	15
15	20
20	15
15	0
0	15
83	20
20	83
83	0
0	83
20	0
0	20
20	27
27	20
20	70
70	20
22	27
22	70
70	22
27	53
27	70
70	27
17	36
36	17
17	48
48	17
17	55
55	17
17	96
96	17
36	48
48	36
36	55
55	36
55	96
96	55
48	42
42	99
99	42
42	0
0	42
48	99
99	48
48	0
0	48
48	20
20	48
99	0
0	99
99	20
20	99
39	48
48	39
48	44
48	89
89	48
44	89
77	7
7	77
77	49
49	77
41	7
7	49
49	7
41	49
41	87
87	41
69	15
15	69
33	92
92	33
33	15
15	33
27	21
21	27
27	80
80	27
27	33
33	27
21	80
80	21
71	21
21	33
33	21
80	71
71	80
58	66
66	58
58	87
87	58
58	75
75	58
66	87
87	66
66	36
36	66
66	75
75	66
36	87
87	75
75	87
36	75
75	36
13	75
75	13
13	4
4	13
48	13
13	91
91	13
75	91
91	75
48	4
79	12
9	54
54	9
9	20
20	9
9	79
54	20
20	54
54	79
79	54
20	79
79	20
18	88
88	18
18	56
56	18
18	32
32	18
88	56
56	88
88	32
32	88
56	35
35	56
79	92
92	76
76	92
92	19
19	92
79	77
77	79
79	19
19	79
77	76
76	77
19	76
25	60
60	25
25	86
25	39
39	25
60	86
86	60
39	60
60	11
11	60
86	39
39	86
86	11
11	86
27	2
2	27
27	45
45	27
27	83
83	27
2	45
45	2
97	45
45	97
97	83
83	97
45	83
83	45
60	72
72	26
26	72
60	32
32	60
60	26
26	60
32	39
39	32
32	26
26	32
39	26
26	39
73	42
42	73
73	81
81	73
74	81
81	74
3	45
45	3
3	21
21	3
1	45
45	1
1	21
21	1
1	90
90	1
45	21
21	45
45	90
90	45
9	5
5	9
9	24
24	9
9	83
83	9
5	86
86	5
5	83
83	5
24	86
86	24
24	83
83	24
86	83
83	86
21	53
53	21
21	2
21	66
66	21
21	14
14	21
53	66
66	53
53	14
14	53
93	56
56	93
93	85
85	93
93	51
51	93
56	33
33	56
85	33
33	85
85	51
51	85
66	41
41	66
66	93
66	62
62	66
41	93
93	41
41	62
62	41
41	36
36	41
93	36
36	93
62	36
36	62
91	94
94	91
91	79
79	91
91	60
60	91
91	50
50	91
94	79
79	94
94	60
60	94
79	60
60	79
50	79
60	50
50	60
7	30
30	7
7	28
28	7
80	30
30	80
80	35
35	80
30	35
35	30
28	35
22	13
13	22
22	98
98	22
37	13
13	37
37	98
98	37
37	81
98	13
76	12
12	76
76	73
73	76
12	92
92	12
92	88
88	92
92	73
73	92
68	77
77	68
77	10
98	35
35	98
98	73
73	98
79	35
35	79
79	73
73	79
35	82
82	35
73	10
10	73
73	49
49	73
73	26
26	73
81	10
10	81
49	10
49	26
26	49
10	43
43	10
26	43
43	26
26	84
84	26
43	84
84	43
12	84
84	12
82	85
85	82
82	52
82	83
83	82
85	71
71	83
83	71
83	52
75	42
86	58
58	86
86	42
42	86
27	58
58	27
27	42
42	27
1	2
1	17
17	1
1	32
1	61
61	1
17	2
2	61
61	2
17	32
32	17
17	61
61	17
32	61
61	32
53	36
36	53
18	36
36	18
18	73
73	18
18	34
34	18
36	34
34	36
73	34
34	73
11	24
24	11
18	11
11	2
2	11
89	24
24	89
89	18
18	89
2	89
24	18
18	24
18	2
2	18
3	4
4	3
3	30
3	87
87	3
4	87
87	4
75	30
30	75
87	30
56	78
78	56
56	21
56	42
42	56
16	78
78	16
16	21
21	16
16	42
42	16
78	21
21	78
21	42
42	21
63	32
32	63
63	66
66	63
32	59
59	32
32	36
36	32
66	59
59	66
36	59
40	70
70	40
89	40
70	89
89	70
70	5
5	70
70	84
84	70
89	5
5	89
82	80
80	82
82	1
1	82
80	51
51	80
51	1
1	51
19	40
40	19
19	69
19	88
88	19
40	66
66	40
66	69
69	66
66	88
88	66
69	88
88	69
37	79
79	37
37	82
8	79
79	8
8	50
50	8
70	17
17	70
70	6
70	79
79	70
70	56
56	70
17	6
6	17
17	79
17	56
56	17
79	6
79	56
56	79
30	13
13	30
13	61
61	13
13	74
74	13
80	77
77	80
80	93
93	80
16	80
30	77
77	30
30	93
93	30
30	16
16	30
77	93
93	77
77	16
16	77
93	16
16	93
92	22
22	92
92	90
90	92
3	22
22	3
22	69
69	22
22	90
90	22
69	90
90	69
46	68
68	46
68	71
71	68
68	8
34	68
71	8
8	71
33	59
59	33
33	3
3	33
33	8
8	33
7	59
59	7
7	3
3	7
76	22
22	76
4	76
76	71
71	76
72	76
22	71
71	22
4	71
71	4
4	72
0	19
19	0
0	84
84	0
19	48
48	19
19	84
84	19
48	84
84	48
20	84
84	20
80	75
75	80
80	45
45	80
80	72
72	80
75	85
85	75
75	72
72	75
85	45
45	72
72	45
85	72
72	85
3	78
3	32
32	3
67	85
85	67
78	67
67	32
32	67
32	78
39	17
17	39
39	10
10	39
17	10
10	17
17	46
10	46
46	10
10	63
63	10
46	63
56	89
89	56
56	50
50	56
50	89
89	25
25	89
50	25
25	50
25	70
70	25
32	86
86	32
32	92
92	32
32	74
74	32
86	92
86	18
18	86
86	74
71	57
57	71
87	57
8	57
57	8
31	57
57	31
66	72
72	66
83	66
72	95
95	72
73	95
95	73
83	95
95	83
23	30
30	82
21	82
82	21
82	55
27	63
63	27
27	60
60	27
27	11
11	27
24	63
63	24
24	60
60	24
60	63
83	22
83	31
31	83
22	31
31	22
22	61
61	22
68	78
78	68
51	65
65	51
51	78
78	51
51	98
65	78
78	65
98	65
78	98
98	78
68	56
56	68
68	69
69	68
68	9
9	68
56	69
69	56
56	9
9	56
57	89
89	57
25	75
75	25
75	88
88	75
56	48
48	56
56	76
76	56
48	16
16	48
48	26
26	48
16	76
76	16
16	26
26	16
76	26
26	76
71	35
35	71
71	24
24	71
79	57
57	79
35	57
35	24
24	35
57	24
24	57
39	93
39	95
95	39
39	78
78	39
93	95
95	93
93	78
78	93
93	96
96	93
95	78
78	95
72	94
94	72
94	36
36	94
95	36
36	95
95	12
12	95
18	12
12	18
36	13
13	36
36	12
13	12
12	13
90	41
41	90
90	35
71	90
37	41
41	37
37	71
71	37
41	35
35	41
41	71
71	41
4	5
5	4
4	62
62	4
4	78
78	4
4	59
59	4
5	62
62	5
5	78
78	5
62	78
78	62
59	62
33	47
47	33
33	1
1	33
33	95
95	33
6	47
47	1
1	47
95	47
6	95
95	6
1	95
95	1
44	29
29	44
44	6
6	44
44	18
18	44
29	6
6	29
29	18
18	29
86	22
22	86
86	10
10	86
86	1
1	86
22	10
10	22
22	1
1	22
10	90
90	10
10	1
1	10
65	41
41	65
65	54
54	65
2	84
84	2
41	54
54	41
94	2
2	94
7	2
2	7
7	20
20	7
7	79
79	7
77	32
32	77
77	25
25	77
48	32
32	48
65	87
87	65
65	73
73	65
65	24
24	65
87	73
73	87
87	23
23	87
87	24
24	87
73	23
23	73
24	73
23	24
24	23
23	32
32	23
23	13
13	23
68	13
13	68
32	22
22	32
32	13
13	32
77	74
74	77
17	42
42	17
17	4
4	17
42	4
4	74
74	4
16	17
17	16
16	36
36	16
16	69
69	16
75	17
17	75
75	69
69	75
11	83
83	11
11	74
74	11
39	53
53	39
83	53
53	83
53	74
74	53
52	3
52	93
93	52
52	14
14	52
52	24
24	52
3	14
14	3
3	24
24	3
14	93
50	39
39	50
50	75
75	50
39	80
80	39
39	75
75	39
73	4
4	73
73	93
93	73
14	4
4	14
14	88
88	14
4	88
93	88
88	93
45	57
57	45
45	60
60	45
60	57
80	73
40	93
93	40
40	73
73	40
93	58
58	93
73	58
26	62
62	26
83	25
25	83
83	62
62	83
80	25
25	80
80	62
62	80
25	62
62	25
67	61
61	67
67	37
37	67
61	15
15	61
37	15
15	37
62	24
34	12
12	3
3	12
36	47
47	36
36	39
39	36
36	22
22	36
47	39
39	47
47	22
22	47
39	22
22	39
98	24
24	98
24	82
82	24
24	78
78	24
82	78
78	82
64	38
38	64
64	68
68	64
64	20
20	64
38	68
68	38
38	42
42	38
38	20
20	38
96	67
67	96
96	98
98	96
67	46
46	67
25	46
46	25
98	46
46	98
5	99
99	5
5	66
66	5
99	66
66	99
84	66
72	88
88	72
39	20
20	88
88	20
36	88
88	36
35	76
76	35
35	15
15	35
50	35
35	36
36	35
76	15
15	76
76	50
50	76
76	36
36	76
74	47
47	74
74	24
24	74
53	24
24	53
47	64
64	47
47	90
90	47
47	93
93	47
64	90
90	64
64	12
12	64
90	93
93	90
12	93
59	85
85	59
59	79
85	37
37	85
27	6
6	27
97	11
11	57
57	11
11	6
6	11
97	57
57	97
74	87
87	74
89	98
98	89
89	87
87	89
17	98
98	17
17	87
16	10
10	98
98	10
10	96
96	10
10	59
16	96
96	16
43	75
75	43
43	38
38	43
43	78
78	43
43	6
6	43
75	38
75	78
78	75
38	78
78	38
38	6
6	38
78	6
6	78
47	79
47	15
15	47
72	47
79	48
48	79
79	15
15	79
79	72
72	79
72	48
95	57
95	84
84	95
45	84
84	45
17	84
84	17
57	84
84	57
57	2
2	56
56	2
57	56
56	57
57	83
83	57
45	56
56	45
30	34
34	30
20	30
30	11
11	30
34	20
20	34
20	13
13	20
13	11
11	13
92	39
39	92
92	82
82	92
39	82
82	39
39	41
82	41
41	82
74	41
41	74
89	79
79	89
89	33
33	89
85	48
48	85
48	69
67	92
92	97
97	92
67	82
82	67
67	43
43	67
10	31
31	10
31	34
34	31
31	17
17	31
34	17
17	34
52	68
68	52
52	91
91	52
52	7
7	52
11	68
68	91
91	68
68	7
7	68
11	91
91	11
11	7
7	11
91	7
7	91
23	39
39	23
23	64
64	23
88	23
64	39
74	64
0	80
80	0
0	62
62	0
60	80
60	8
8	60
60	62
62	60
80	8
8	80
8	62
62	8
17	18
18	17
32	16
32	10
10	32
16	18
18	16
10	18
18	10
62	95
95	62
8	95
95	8
8	44
44	8
4	95
95	4
95	44
44	95
67	24
24	67
67	60
60	67
61	24
24	61
61	38
38	61
61	60
60	61
24	38
38	24
38	60
60	38
56	5
5	56
56	13
13	56
56	75
75	56
5	75
75	5
13	27
27	13
94	59
94	51
51	94
59	51
59	38
38	59
38	14
51	38
38	51
47	4
4	47
47	27
27	47
47	63
63	47
47	20
20	47
4	63
63	4
20	4
63	20
20	63
86	26
26	86
86	85
85	86
58	85
85	58
42	26
45	52
52	45
45	29
29	45
52	73
73	52
29	95
73	29
29	73
33	13
33	52
52	33
88	71
88	52
18	23
85	95
95	23
23	95
85	23
23	85
85	12
12	85
23	12
12	23
31	21
21	31
31	95
95	31
31	38
21	37
37	21
21	38
38	21
37	95
95	37
37	38
38	37
14	89
89	14
14	8
8	14
14	79
79	14
89	8
8	89
89	53
53	89
8	53
53	8
53	79
3	54
54	3
1	49
49	1
49	54
54	49
70	31
31	2
31	55
55	31
70	2
2	70
70	74
74	70
2	74
74	2
10	7
7	10
7	81
81	68
68	81
17	52
52	17
14	44
44	14
52	44
50	27
27	50
50	0
0	50
43	70
70	0
0	70
39	29
29	39
39	0
0	39
36	29
31	29
36	31
31	36
48	60
60	48
48	7
7	48
60	7
7	60
43	60
0	7
7	0
7	43
43	7
95	49
49	95
95	7
7	95
49	6
6	49
73	7
7	73
6	7
7	6
95	16
16	95
95	77
77	95
95	53
53	95
16	53
53	16
77	39
39	77
77	53
53	77
55	24
24	75
75	24
73	55
55	73
73	3
3	73
73	75
75	73
55	75
73	32
32	73
73	56
56	73
56	24
24	56
49	59
78	80
49	78
78	48
48	78
80	49
49	80
80	48
48	80
49	48
48	49
39	59
25	72
72	25
74	91
91	74
91	43
43	91
43	14
99	19
19	99
99	47
47	99
98	19
19	98
98	47
47	98
19	47
47	19
55	47
57	63
63	57
57	46
46	57
57	48
11	46
46	48
48	46
90	97
97	90
22	97
97	22
22	64
64	22
22	54
54	22
64	54
54	64
66	71
71	66
66	15
15	66
71	15
71	42
42	71
15	12
12	15
81	8
8	81
81	58
58	81
8	58
58	8
58	54
54	58
70	67
67	70
70	66
66	70
58	68
68	58
9	72
59	9
9	59
59	30
30	59
9	30
30	9
11	40
40	11
79	11
40	79
79	40
4	79
79	4
52	4
43	13
13	43
43	64
64	43
13	6
6	13
51	41
41	51
41	73
73	41
32	28
26	28
66	26
26	66
66	54
54	66
32	54
16	83
83	16
16	41
41	16
16	12
12	16
2	12
12	2
83	41
41	83
41	12
12	41
36	64
64	36
36	68
68	36
64	31
64	17
17	64
68	17
17	68
4	83
83	4
4	16
16	4
4	45
45	4
83	18
18	83
45	18
18	45
45	91
91	45
45	92
92	45
45	5
45	48
48	45
91	5
92	5
5	92
5	48
48	5
44	60
44	16
16	44
44	21
21	44
60	42
42	60
60	21
21	60
10	6
6	10
18	63
63	18
18	33
33	18
63	6
41	25
25	41
50	71
71	50
50	84
84	50
71	84
84	71
71	25
25	71
3	96
96	3
96	91
91	96
96	21
73	91
91	21
21	91
73	21
80	96
96	80
11	23
23	96
64	69
69	64
12	69
69	12
69	13
13	69
41	30
30	41
64	30
30	64
64	92
92	64
30	98
98	30
30	92
92	30
13	26
26	13
13	57
57	13
13	49
49	13
26	57
57	26
78	26
57	49
49	57
52	19
19	52
19	27
27	96
96	27
91	46
46	91
28	91
91	1
1	91
46	28
28	46
46	1
1	46
28	39
39	28
28	1
1	28
62	94
94	62
62	81
81	62
39	62
62	54
54	62
94	39
39	94
94	54
54	94
39	54
54	39
90	24
24	90
90	14
14	90
24	58
58	24
58	14
14	58
58	2
2	58
55	68
68	55
68	47
47	68
68	73
73	68
47	30
30	47
47	73
73	47
30	73
32	75
75	32
75	33
33	75
48	33
33	48
25	17
17	25
19	11
11	19
19	23
23	19
17	23
23	17
89	81
81	89
3	81
81	3
40	10
10	40
40	45
45	40
45	54
54	45
68	33
33	68
68	93
33	14
14	33
75	93
71	99
99	71
99	22
99	87
87	99
14	95
95	14
14	64
64	14
14	36
36	14
95	64
64	95
64	53
53	64
95	43
43	95
95	3
95	27
27	95
85	27
58	89
89	58
58	99
99	58
58	21
21	58
99	81
89	99
89	21
21	89
99	21
21	99
74	94
51	45
45	51
55	51
90	82
82	90
82	45
45	82
28	71
71	28
28	23
23	28
28	86
86	28
71	23
23	71
26	23
23	86
10	8
8	10
10	76
76	10
10	47
47	10
8	47
47	8
76	33
33	76
52	49
49	52
52	59
59	52
49	17
17	49
49	0
0	49
59	0
17	0
0	17
87	84
80	41
41	80
8	86
86	8
8	52
52	8
88	86
86	88
86	33
33	86
86	52
52	86
92	50
50	92
92	68
68	92
66	4
4	66
19	26
19	4
4	19
70	4
4	70
85	16
16	85
72	16
78	72
72	78
54	18
18	54
54	23
23	54
64	18
18	64
2	22
22	2
2	38
38	2
2	49
49	2
38	49
49	38
38	65
65	38
49	65
65	49
95	41
41	95
41	44
44	41
12	44
44	12
44	72
88	95
95	88
45	96
96	45
61	96
96	61
61	95
95	61
70	7
7	70
70	37
37	70
7	22
22	7
7	92
92	7
44	50
50	44
44	94
94	44
31	50
50	31
31	79
79	31
51	42
42	51
51	61
61	51
42	61
61	42
87	61
61	87
55	79
79	10
10	79
55	9
9	55
55	10
10	55
9	73
73	9
65	20
20	65
65	80
80	65
65	76
76	65
20	76
76	20
75	76
76	75
26	5
5	26
11	26
25	5
5	25
77	5
5	77
5	11
11	5
57	55
55	57
7	57
56	55
55	56
55	7
7	55
18	67
67	18
18	70
70	18
18	42
42	18
16	67
67	16
16	70
67	42
70	42
79	64
64	79
64	56
56	64
56	87
87	56
90	18
18	90
44	99
99	44
18	99
99	18
14	56
56	14
14	1
1	14
14	16
16	14
56	1
1	56
56	12
12	56
1	12
12	1
1	16
16	1
15	7
7	15
15	64
64	15
73	64
64	73
64	40
40	64
25	30
30	25
85	5
5	85
5	30
30	5
5	90
90	5
30	90
90	30
74	48
4	7
7	4
7	74
74	7
16	73
73	16
16	47
47	16
72	27
23	27
72	23
23	72
23	29
29	23
23	20
29	20
20	29
45	39
39	45
68	45
24	30
24	39
39	24
24	68
68	24
30	39
39	30
39	68
68	39
39	27
28	27
60	28
28	60
60	17
17	60
67	17
17	67
67	29
29	67
3	17
17	3
1	11
11	55
55	11
11	70
70	11
97	70
70	97
55	1
41	86
86	41
44	86
86	44
44	36
36	44
86	14
14	86
11	59
59	11
11	0
0	11
11	54
54	11
59	54
54	59
23	0
0	23
0	54
54	0
38	54
54	38
38	83
83	38
38	81
81	38
54	86
86	54
86	81
81	86
28	41
41	28
28	42
42	28
28	93
93	28
42	93
93	42
93	86
86	93
69	31
31	69
29	11
11	29
63	31
31	63
96	58
58	96
96	38
38	96
58	38
38	58
58	25
25	58
38	40
40	38
48	8
14	28
28	14
14	37
37	14
91	82
82	91
91	93
93	91
91	47
47	91
82	93
93	82
50	93
93	50
50	47
47	50
84	73
73	84
84	56
56	84
43	65
65	43
65	56
56	65
94	37
37	94
22	94
94	33
33	94
68	37
37	68
42	46
46	42
93	46
46	58
58	46
18	50
50	18
73	25
25	73
25	99
99	50
50	99
18	14
14	18
97	14
14	97
97	31
31	97
39	70
70	39
80	99
99	80
80	70
70	80
5	49
49	34
34	49
5	34
34	5
60	18
18	60
60	77
77	60
26	91
91	26
91	77
77	91
8	43
43	8
8	70
8	83
83	8
43	88
88	43
70	88
88	70
30	79
79	30
88	79
86	0
0	86
86	99
86	48
48	86
0	5
5	0
87	85
85	87
0	85
85	0
51	15
15	51
44	10
10	21
10	4
93	71
71	93
80	67
80	15
15	80
10	35
35	10
10	13
13	10
22	35
35	22
45	35
35	45
99	67
67	99
99	4
4	99
99	27
27	99
67	73
73	67
73	27
27	73
94	87
87	94
5	94
72	87
87	72
31	48
48	31
31	26
75	31
24	26
26	24
26	75
75	26
59	50
50	59
96	64
64	96
28	64
64	28
50	64
47	21
21	47
43	21
21	43
43	25
25	43
21	25
25	21
88	3
79	69
69	79
82	2
2	82
82	42
42	82
5	2
2	5
5	42
42	5
2	42
94	11
11	94
50	33
33	50
50	11
11	50
50	14
14	50
33	11
11	33
14	11
58	76
76	58
76	21
21	76
76	66
66	76
21	15
75	62
62	75
62	27
27	62
78	61
61	78
93	61
41	61
27	93
93	27
27	41
41	27
26	44
44	24
24	44
12	59
59	12
12	77
77	12
12	60
60	12
59	77
77	59
59	22
22	59
59	60
60	59
22	60
60	22
9	0
0	9
9	95
95	9
41	1
1	41
64	58
58	64
64	82
82	64
6	58
58	6
82	6
58	95
95	58
95	82
82	95
73	2
2	73
73	63
63	73
2	63
63	2
92	78
78	92
78	63
63	78
8	90
90	17
17	90
90	78
78	90
8	17
8	78
78	8
17	78
78	17
60	68
68	76
76	68
60	76
76	60
36	7
7	36
36	60
60	36
36	23
23	36
55	60
60	55
7	23
23	7
23	60
96	1
34	1
85	8
8	85
8	30
30	8
39	79
79	39
38	79
79	38
41	20
20	41
41	8
8	41
20	28
28	20
20	8
8	20
2	8
8	2
29	98
29	4
4	29
92	75
75	92
92	25
25	92
79	75
75	79
79	25
25	79
53	60
60	53
60	66
66	60
60	64
64	60
60	1
1	60
66	64
66	1
1	66
17	51
51	17
51	72
72	51
72	42
42	72
64	44
44	64
64	71
71	64
44	88
88	44
64	78
36	78
97	7
7	97
97	68
68	97
70	73
73	70
70	23
23	70
70	46
46	70
28	73
73	28
73	46
46	73
23	46
95	91
91	95
91	80
80	91
44	75
75	44
44	0
60	75
75	60
60	85
85	60
0	75
64	49
49	64
64	86
86	64
12	49
49	12
12	86
86	12
49	86
86	49
86	73
73	86
77	83
83	77
77	99
99	77
83	99
83	37
37	83
99	37
37	99
99	16
16	99
37	16
16	37
30	71
71	30
41	10
80	24
24	80
80	88
24	88
88	24
23	75
75	23
23	10
10	23
10	75
33	84
84	33
33	38
38	33
85	84
84	85
85	4
4	85
85	38
38	85
38	84
66	65
65	66
66	92
92	66
65	60
60	65
65	92
92	65
65	36
36	65
60	92
92	60
24	1
1	24
24	70
70	24
70	93
93	70
65	74
74	65
65	79
79	65
65	29
29	65
74	79
79	74
29	74
95	42
42	95
9	61
61	9
38	45
45	38
38	35
35	38
35	48
42	1
1	42
1	44
44	1
81	66
90	81
66	74
74	63
63	74
66	90
90	66
90	63
63	90
79	61
61	79
61	48
48	61
88	48
66	78
78	66
66	35
35	66
54	78
78	35
35	78
37	64
64	37
64	89
89	64
64	81
81	64
1	65
81	1
1	81
26	46
46	26
84	63
46	84
50	10
10	50
10	93
37	6
6	37
0	34
34	0
0	14
14	0
34	14
14	34
6	14
14	6
20	73
73	20
73	13
13	73
13	94
94	13
63	97
97	63
35	97
97	35
57	58
58	57
58	97
94	4
4	94
4	54
54	4
4	96
96	4
54	96
96	54
96	84
19	90
90	19
19	38
38	19
90	38
29	50
50	29
79	67
67	79
38	36
36	38
44	38
38	9
9	38
44	9
9	44
67	23
23	67
67	75
75	67
23	79
79	23
75	82
82	75
61	18
18	61
61	89
89	61
19	61
89	19
19	89
74	19
19	74
91	12
12	91
91	19
19	91
64	16
58	16
16	58
78	83
83	78
78	53
53	78
83	6
57	61
61	57
61	28
28	61
93	92
92	93
93	44
44	93
93	54
54	93
92	44
99	97
97	99
55	25
25	55
57	62
62	57
57	10
10	57
61	62
62	61
62	10
10	62
97	62
94	42
42	94
42	29
29	42
77	3
3	77
3	84
32	12
12	32
11	37
37	11
11	84
2	46
46	2
24	42
42	24
0	78
78	0
78	60
29	78
78	29
98	14
14	98
98	66
66	98
14	13
13	14
66	13
13	66
51	52
52	51
51	70
70	51
51	60
60	51
52	70
70	52
52	60
60	52
70	60
11	22
22	11
11	51
51	11
51	76
76	51
92	8
89	41
41	89
89	97
97	89
41	81
81	41
26	41
41	45
45	41
41	68
68	41
26	45
45	26
26	68
68	26
30	69
30	78
78	30
56	47
47	56
69	47
47	69
78	47
47	78
60	96
96	60
60	73
73	60
96	43
43	96
9	48
26	9
9	26
26	53
53	26
53	9
9	11
37	93
93	37
37	48
48	37
93	99
99	93
93	11
11	93
99	11
11	99
63	82
82	63
32	71
71	32
32	57
57	32
0	4
4	0
0	91
0	45
45	0
77	28
28	77
51	77
28	12
12	28
51	50
50	51
43	35
43	2
2	43
5	69
69	2
2	69
91	34
34	91
0	76
76	0
76	34
47	35
35	47
35	52
52	35
69	52
6	69
69	6
96	49
49	96
96	35
35	96
99	49
99	35
35	99
35	3
3	35
42	3
3	42
40	18
18	40
40	95
95	40
18	39
18	52
18	22
22	18
60	34
34	60
60	15
58	62
62	58
58	78
78	58
62	42
42	62
70	21
21	70
88	11
11	88
88	21
21	88
88	98
98	88
11	21
11	98
98	11
4	50
50	4
13	44
44	13
71	40
40	71
2	71
40	67
67	40
67	2
48	64
64	48
85	64
64	85
85	34
34	85
64	80
80	64
81	0
0	81
13	0
0	13
20	37
37	20
64	75
75	64
37	75
75	37
37	54
54	37
75	54
54	75
93	18
18	93
46	18
18	46
19	22
22	19
19	7
7	19
26	22
22	26
26	7
26	17
22	17
17	22
7	17
17	7
81	31
31	81
36	74
74	36
97	74
74	97
21	22
22	21
21	8
8	21
22	58
95	22
22	95
6	45
13	51
51	13
70	32
32	70
70	41
70	30
30	70
32	41
41	32
32	30
30	32
21	93
93	21
21	61
61	21
8	93
93	8
8	61
61	8
93	5
5	93
0	30
30	0
56	63
63	56
25	6
6	25
25	37
37	25
41	34
34	41
41	23
23	41
86	34
34	86
95	71
71	95
95	34
34	95
32	7
7	32
32	42
85	7
7	85
7	42
42	7
69	57
57	69
69	41
41	69
47	41
41	47
2	81
81	2
2	62
62	2
81	85
85	81
81	20
20	81
26	30
30	26
26	99
99	26
30	63
63	30
30	60
60	30
99	63
63	99
99	60
74	76
60	74
60	81
68	4
4	68
4	34
34	4
34	75
75	34
34	26
26	34
86	40
83	87
87	83
54	5
5	54
47	5
5	47
47	59
59	47
61	85
85	61
85	41
41	85
93	89
89	93
53	98
98	53
98	39
39	98
98	62
62	98
21	68
68	21
21	28
28	21
21	20
20	21
68	28
28	68
85	9
9	85
23	9
9	23
74	57
57	22
22	57
57	92
92	57
58	10
10	58
58	52
52	58
10	52
52	10
51	29
29	51
73	1
1	73
29	1
71	56
56	71
63	61
61	63
76	86
86	76
76	37
37	76
57	86
86	57
57	73
73	57
57	37
37	57
37	86
73	37
37	73
74	72
72	74
74	62
62	74
17	40
40	17
88	1
1	78
78	1
79	78
78	79
73	90
90	73
90	88
83	90
90	83
0	46
46	0
14	20
20	14
7	47
47	7
7	58
58	7
47	58
58	47
79	68
68	79
30	18
18	30
49	20
20	24
24	20
49	24
24	49
60	69
69	72
69	96
96	69
85	70
70	85
15	25
25	15
15	19
19	15
15	70
70	15
38	28
43	28
43	86
43	16
16	43
78	31
31	78
87	78
78	71
71	78
14	87
87	14
74	5
5	74
61	82
82	61
61	26
79	26
26	79
79	21
21	79
26	21
21	26
2	3
31	73
73	31
34	78
78	34
3	20
20	3
3	15
15	3
89	20
24	96
5	52
52	5
5	96
96	5
66	20
20	66
66	23
23	66
66	57
57	66
23	57
57	23
13	7
7	62
62	7
13	62
62	13
30	62
62	30
29	96
96	29
64	3
3	64
64	2
2	64
2	59
59	2
55	12
12	55
55	46
46	55
65	12
12	65
65	46
46	65
12	46
46	12
86	91
91	86
91	67
67	91
87	47
47	87
87	28
28	87
47	28
28	47
47	80
80	47
85	53
53	85
53	56
56	53
53	30
30	53
56	67
67	56
90	39
39	90
90	94
94	90
39	4
4	39
97	66
66	97
99	1
1	99
66	18
18	66
75	22
98	69
69	98
98	60
60	98
88	27
27	88
27	26
26	27
9	7
7	9
9	32
32	9
19	60
60	19
70	63
63	70
45	14
14	45
83	14
14	83
26	14
14	26
28	33
33	28
58	33
33	58
46	83
77	46
46	77
77	97
97	77
77	94
94	77
18	84
84	18
0	61
61	0
4	61
61	4
76	61
61	76
52	98
98	52
30	22
22	30
65	72
72	65
65	28
28	65
28	22
22	28
62	76
62	31
31	62
4	31
31	4
67	64
64	67
69	95
95	69
36	2
2	36
95	2
77	15
15	16
16	15
77	75
75	77
52	77
77	52
24	77
77	24
24	66
34	77
77	34
34	66
66	34
38	46
46	38
36	46
46	36
28	18
8	96
96	8
18	96
96	18
19	41
29	41
20	59
59	20
20	44
44	20
71	5
5	71
60	5
5	60
60	87
87	60
95	25
25	95
95	68
68	95
34	88
88	34
41	24
88	38
38	88
38	32
32	38
23	49
49	23
29	49
49	29
29	97
97	29
49	97
97	49
34	92
92	34
71	73
73	71
92	71
39	2
2	39
89	7
7	89
89	65
65	89
89	22
22	89
86	80
80	86
36	79
79	16
16	79
16	54
29	16
16	29
67	89
63	67
79	84
84	79
92	84
12	38
38	12
38	72
72	38
72	68
68	72
72	55
55	72
50	49
49	50
50	24
24	50
8	49
40	46
65	61
61	20
20	61
61	46
46	61
56	60
60	56
57	98
98	57
59	68
68	59
59	82
82	59
49	82
82	49
74	75
46	13
13	46
40	51
51	40
82	56
56	82
82	60
60	82
88	60
91	64
64	91
91	97
97	91
6	5
5	6
21	24
24	21
75	95
95	75
43	71
71	43
43	29
29	43
43	36
36	43
34	9
9	34
78	9
9	78
9	96
96	9
51	69
5	51
51	5
82	25
82	40
40	82
55	37
37	55
79	99
99	79
45	49
49	45
96	42
76	24
24	76
18	47
47	18
73	8
8	73
77	9
9	77
77	56
56	77
9	22
22	9
74	69
69	74
80	2
65	82
82	65
44	82
82	44
82	11
7	50
7	12
97	51
51	97
67	22
22	67
29	28
28	29
82	22
22	82
91	10
37	10
91	37
37	91
46	69
69	46
46	90
90	46
91	90
90	91
97	65
65	97
0	77
77	0
77	6
6	77
90	23
23	90
38	23
23	38
7	16
16	7
61	16
16	61
35	16
16	35
69	71
71	69
16	71
71	16
29	61
61	29
26	0
0	26
35	0
53	33
33	53
59	74
74	59
74	25
25	74
25	69
69	25
42	14
14	42
14	61
90	40
40	90
54	72
56	86
86	56
50	2
2	50
77	81
81	77
51	81
81	51
29	83
83	29
86	77
77	86
86	97
97	86
16	97
97	16
51	62
39	3
3	39
30	66
66	30
21	9
9	21
21	57
57	21
9	65
65	9
9	82
82	9
82	57
57	82
71	9
9	71
49	27
27	49
27	54
54	27
57	59
59	57
99	41
41	99
15	99
99	59
59	41
59	15
23	99
99	23
61	23
23	61
13	63
23	63
77	71
71	6
6	71
15	84
76	98
84	78
78	84
84	76
76	84
78	76
76	78
74	84
84	74
84	91
31	54
54	31
51	10
10	51
54	50
97	3
3	97
97	4
4	97
4	69
35	27
27	35
35	8
8	35
3	47
47	3
42	59
59	42
13	89
89	13
89	71
71	89
62	84
84	62
48	82
82	48
59	31
31	59
31	96
96	31
0	69
69	0
42	69
69	42
81	69
69	81
13	58
58	13
20	58
88	49
49	88
88	67
67	88
49	67
67	49
82	86
86	82
86	35
35	86
86	61
61	86
35	61
61	35
64	99
99	64
99	88
88	99
31	19
19	31
45	53
53	45
53	28
39	69
74	96
96	74
74	93
93	74
94	93
93	94
27	82
82	27
27	37
37	27
94	53
53	94
53	82
82	53
9	49
56	49
49	56
31	60
60	31
78	11
11	78
28	74
74	28
74	38
38	74
57	5
5	57
20	91
91	20
91	49
60	4
4	60
12	31
31	12
98	7
7	98
78	99
99	78
7	78
99	7
7	99
41	17
17	41
30	42
42	30
30	17
17	30
20	43
43	20
94	23
23	42
42	23
44	23
86	70
70	86
86	78
78	86
70	78
78	70
82	13
13	82
42	13
82	19
19	82
49	61
61	49
49	60
60	49
49	16
16	49
94	24
24	94
73	44
44	73
73	62
62	73
34	44
44	34
34	61
61	34
80	19
19	80
80	36
36	80
36	19
99	10
10	99
99	53
53	99
53	86
52	61
61	52
57	40
40	57
83	58
58	83
83	49
49	83
34	58
58	34
58	49
49	58
41	55
55	41
55	8
8	55
55	20
20	55
37	62
62	37
94	52
52	94
94	21
21	94
52	84
84	21
59	53
53	59
5	33
33	5
33	77
77	33
82	15
15	82
9	35
35	9
3	44
44	3
92	17
17	92
73	11
11	73
11	35
35	11
56	91
91	56
25	91
91	25
54	91
91	54
94	49
15	22
22	15
15	11
11	15
36	11
11	36
30	49
49	30
30	58
58	30
49	21
21	49
94	65
94	86
86	94
31	86
86	31
80	10
10	80
3	10
10	3
87	95
95	87
86	62
62	86
62	67
67	62
62	11
11	62
44	2
2	44
44	84
84	44
9	2
2	9
9	84
84	9
9	6
6	9
84	6
9	8
8	9
59	65
65	85
85	65
36	83
36	49
49	36
47	29
29	47
47	77
77	47
47	17
43	77
77	43
97	60
60	97
34	42
42	34
34	74
74	34
23	8
8	23
92	99
99	92
93	38
38	93
51	7
92	51
51	92
94	26
26	94
26	6
6	26
67	51
51	67
67	30
30	67
66	3
3	66
95	92
92	95
92	23
23	92
17	58
58	17
58	41
41	58
6	60
60	6
91	51
2	86
86	2
31	5
5	31
9	31
97	9
13	1
1	13
80	98
98	80
5	98
98	5
96	68
68	96
91	17
17	91
91	71
71	91
82	7
7	82
83	35
35	83
83	13
13	83
37	39
39	37
33	82
82	33
27	32
32	27
32	82
82	32
33	46
46	33
47	61
61	47
61	36
36	61
65	99
99	75
7	76
76	7
7	44
44	7
78	44
81	84
40	26
40	62
62	40
62	21
21	62
65	69
69	65
93	97
97	93
93	35
35	93
35	91
91	35
76	28
28	76
0	32
32	0
35	60
60	35
32	29
29	32
97	40
40	97
56	31
31	56
31	13
13	31
98	33
33	98
65	4
4	65
65	45
45	65
23	14
14	23
14	63
63	14
63	0
10	78
78	10
99	34
34	99
6	12
12	6
72	93
93	72
72	53
53	72
93	53
53	93
19	13
13	19
19	9
14	9
19	16
16	19
16	90
90	16
16	0
0	16
90	0
67	35
35	67
67	81
81	9
35	74
74	35
60	33
33	60
65	18
18	65
51	18
18	51
51	89
89	51
51	35
35	51
10	0
0	10
70	13
13	70
92	59
59	92
59	24
24	59
6	24
24	6
24	13
13	24
54	13
13	54
13	3
3	13
4	36
36	4
4	6
6	4
28	84
84	28
28	6
6	28
28	52
52	28
57	51
51	57
19	45
45	19
45	86
86	45
66	49
49	66
66	56
56	66
44	81
81	44
44	25
25	44
75	81
28	13
13	28
73	5
5	73
6	85
85	6
26	96
96	26
85	96
96	85
34	43
43	34
51	16
16	51
58	51
16	82
82	16
60	41
41	60
60	46
46	60
41	46
46	41
45	99
99	36
36	99
36	21
21	36
43	58
58	43
30	43
58	88
88	58
7	38
38	7
15	38
38	15
38	99
99	38
25	76
76	25
52	76
76	52
62	68
68	62
93	57
57	93
93	45
45	93
57	94
94	57
45	94
94	45
24	81
81	24
57	81
81	57
96	87
67	6
6	67
0	58
58	0
13	96
96	13
22	73
81	14
14	81
59	21
21	59
59	88
88	59
88	97
97	88
47	45
45	47
0	72
72	0
72	46
46	72
46	29
29	46
25	14
14	25
63	16
16	63
65	0
65	15
15	65
34	79
79	34
81	29
29	81
81	71
71	81
9	76
76	9
23	76
76	23
76	89
89	76
2	34
34	2
73	77
77	73
26	52
52	26
92	52
52	92
46	74
74	46
28	98
98	28
65	58
58	65
58	32
32	58
32	21
21	32
61	64
64	61
61	75
75	61
41	75
75	41
69	23
23	69
69	82
82	69
32	89
89	32
62	89
89	62
83	33
33	83
83	44
44	83
26	50
50	26
26	37
37	26
88	37
37	88
62	38
73	38
38	73
56	38
38	56
38	11
11	38
23	78
78	23
61	92
92	49
49	92
75	35
35	75
24	99
99	24
5	22
22	5
53	81
81	53
81	48
48	81
71	74
74	71
74	16
16	74
31	91
91	31
70	75
75	70
52	63
52	65
65	52
47	84
84	47
47	92
92	47
55	92
92	55
55	27
27	55
92	27
27	92
73	69
79	22
22	79
18	59
59	18
69	32
32	69
69	93
93	69
32	93
93	32
41	6
6	41
42	6
6	42
76	67
67	76
47	11
11	47
11	16
16	11
33	16
16	33
99	85
80	22
22	80
78	22
22	78
77	27
27	77
91	62
62	91
48	62
62	48
71	7
7	93
93	7
26	47
47	26
31	27
27	31
0	12
12	0
12	27
27	12
73	39
39	73
19	59
59	19
59	27
27	59
38	27
27	38
32	14
14	32
76	42
42	76
76	64
64	76
13	90
90	13
48	94
94	48
63	3
3	63
49	31
31	49
53	80
80	53
36	57
57	36
5	68
68	5
4	56
56	4
4	64
40	53
53	40
29	53
53	29
33	72
72	33
92	38
38	92
63	38
38	63
63	41
41	63
38	41
41	38
93	76
76	93
95	74
74	95
63	75
75	63
63	54
54	63
71	75
75	71
98	44
90	61
61	90
50	20
20	50
20	33
33	20
77	63
63	77
63	9
9	18
18	9
89	27
27	89
69	27
27	69
38	8
8	11
11	8
11	32
32	11
75	29
21	75
21	0
2	28
55	28
28	55
55	85
85	55
41	94
94	41
94	12
77	21
21	77
69	21
21	69
85	76
76	85
48	3
3	48
89	73
73	89
69	99
99	69
71	3
3	71
82	3
3	82
82	54
54	82
54	21
21	54
4	37
46	30
30	46
92	72
50	72
72	50
31	23
23	31
98	97
97	98
24	36
36	24
49	89
89	49
20	74
74	20
20	45
45	20
10	94
94	10
94	17
17	94
94	35
35	94
35	17
95	24
24	95
85	88
88	85
81	92
92	81
33	78
78	33
33	19
19	33
92	58
58	92
78	19
19	78
19	58
58	19
97	12
12	97
12	98
98	12
12	25
25	12
28	75
75	28
26	65
65	26
19	68
4	46
39	34
34	39
39	6
6	39
89	90
30	12
12	30
58	71
71	58
58	3
3	58
61	98
98	61
98	9
19	21
59	43
43	59
19	43
19	10
10	19
65	91
91	65
91	38
38	91
77	23
23	77
23	84
84	23
30	84
16	20
20	16
51	20
20	78
78	20
72	91
57	72
72	57
84	86
86	84
84	22
86	46
22	34
34	22
22	46
46	22
91	16
16	91
56	41
41	56
56	44
44	56
63	8
8	63
8	42
42	8
83	48
58	9
9	58
25	9
9	25
51	23
75	51
23	83
83	23
83	75
75	83
27	87
87	27
45	66
66	37
37	66
44	66
66	44
66	0
0	66
35	72
72	35
63	64
64	63
83	32
32	83
97	73
73	97
96	70
70	96
39	65
65	39
71	55
55	71
57	16
16	57
57	90
90	57
98	38
38	98
58	94
94	58
3	94
94	3
84	83
83	84
84	51
51	84
83	67
67	83
81	30
30	81
23	35
35	23
87	91
91	87
89	72
72	89
3	72
72	3
45	33
33	45
69	7
7	69
65	70
70	65
44	40
40	44
6	88
6	90
90	6
60	10
10	60
42	36
36	42
94	98
98	94
94	19
19	94
33	81
49	32
32	4
4	32
49	4
4	49
46	5
5	46
61	59
44	96
44	55
55	44
89	66
66	89
0	88
88	0
46	88
62	92
92	53
53	92
28	0
0	28
10	27
61	70
70	61
61	84
84	61
29	15
15	29
28	49
47	40
44	57
57	44
26	64
64	26
26	69
69	26
81	47
47	81
81	40
40	81
72	1
72	63
13	40
7	27
27	7
19	56
56	19
95	70
70	95
22	66
37	2
2	37
59	91
91	59
53	91
91	53
53	54
54	53
84	53
53	84
60	84
21	64
79	96
96	79
38	71
71	38
57	70
70	57
12	70
70	12
70	9
9	70
21	13
13	21
20	93
93	20
82	46
46	82
46	43
43	46
82	62
62	82
46	62
62	46
74	50
50	74
96	12
12	96
12	5
5	12
36	5
5	36
70	49
49	70
49	93
93	49
5	19
19	5
19	24
24	19
19	71
71	19
19	44
44	19
43	87
87	43
89	0
0	89
81	93
41	76
76	41
40	22
76	40
40	76
40	0
0	40
32	50
50	32
90	11
11	90
35	39
39	35
57	50
50	57
50	85
85	91
91	85
93	2
2	93
1	8
34	51
51	34
3	23
23	3
62	45
45	62
4	1
1	4
60	37
37	60
75	96
96	75
49	90
90	49
90	9
9	90
51	19
19	51
9	51
94	63
63	94
63	91
91	63
30	89
30	50
50	30
28	89
41	31
35	31
31	35
67	55
55	67
38	77
77	38
86	20
20	86
56	20
20	56
60	2
2	60
55	53
53	55
20	17
17	20
19	64
64	19
9	91
91	9
91	89
89	91
33	36
36	33
15	52
52	15
75	52
70	35
35	70
35	4
4	35
61	77
77	61
43	4
4	43
43	94
94	43
1	94
94	1
0	56
56	0
0	93
93	0
93	79
83	10
10	83
7	53
53	7
7	75
75	7
53	75
75	53
43	93
9	62
67	53
53	67
52	9
9	52
48	51
51	48
14	69
69	14
35	46
30	57
57	30
19	81
81	55
55	81
68	44
44	68
45	46
46	45
62	23
23	62
94	28
88	77
77	88
20	77
60	13
13	60
61	58
58	61
14	5
5	14
85	10
10	85
55	42
61	25
25	61
73	85
85	73
59	89
83	59
59	83
66	38
38	66
38	10
10	38
50	21
21	50
70	38
38	70
53	15
15	53
83	60
60	90
90	60
5	63
63	5
87	19
19	87
5	23
23	5
62	1
1	62
55	83
83	55
5	81
81	5
5	15
15	5
5	41
41	5
15	44
44	15
56	28
28	56
82	77
77	82
71	62
62	71
71	51
51	71
62	99
99	62
51	99
3	65
65	3
73	48
81	32
32	81
90	65
65	90
59	90
91	24
24	91
51	86
86	51
51	88
88	51
92	20
20	92
86	4
4	86
92	96
83	92
77	31
31	77
87	11
11	87
42	83
83	42
37	46
11	41
41	11
35	64
64	35
68	29
84	69
69	84
87	39
39	87
46	81
81	46
33	66
66	33
24	17
17	24
69	67
67	69
58	31
31	58
72	31
31	72
87	16
16	87
12	78
12	45
45	12
73	19
19	73
32	90
38	29
38	53
53	38
57	53
53	57
49	53
53	49
30	76
76	30
98	43
43	98
14	76
88	22
22	88
3	46
46	3
47	49
49	47
98	34
34	98
98	27
27	98
32	40
40	32
44	70
70	44
48	90
90	48
62	64
64	62
98	50
50	98
47	42
42	47
26	51
51	26
58	56
56	58
35	84
84	35
74	21
21	74
81	59
59	81
89	82
82	89
58	53
53	58
53	13
13	53
58	23
23	58
17	73
73	17
86	30
30	86
86	69
69	86
66	55
55	66
65	62
62	65
99	2
72	21
21	72
46	49
49	46
95	76
95	10
10	95
42	84
84	42
99	72
25	35
92	35
35	92
12	63
63	12
72	7
7	72
15	23
23	15
58	84
84	58
56	81
81	56
56	97
97	56
55	87
87	55
54	30
30	54
1	98
98	1
91	98
98	91
87	88
88	87
47	70
70	47
47	60
60	47
67	34
34	67
97	26
26	97
97	71
71	97
72	10
10	72
85	13
13	85
13	77
77	13
54	74
74	54
56	11
11	56
46	99
99	46
46	78
78	46
99	17
17	99
42	92
92	42
49	84
84	49
7	39
39	7
66	7
7	66
18	55
55	18
55	40
40	55
58	60
60	58
69	58
60	20
20	60
77	70
70	77
9	88
88	9
78	94
94	78
36	28
28	36
29	25
25	29
40	74
95	48
21	12
12	21
12	48
48	12
58	98
84	90
90	84
8	99
99	8
91	81
81	91
81	17
17	81
31	28
28	31
99	95
95	99
44	53
53	44
38	1
1	38
59	35
35	59
52	99
99	52
40	78
42	57
19	30
30	19
20	5
5	20
44	91
91	44
21	85
85	21
15	14
14	15
27	76
76	27
92	21
21	92
80	38
38	80
5	50
50	5
17	83
83	17
69	34
34	69
41	13
13	41
13	15
42	91
91	42
32	76
76	32
17	76
32	44
44	32
47	2
2	47
47	31
31	47
50	52
52	50
94	34
34	94
63	80
80	63
22	85
85	22
43	39
39	43
35	77
77	35
77	96
96	77
99	28
28	99
77	57
57	77
9	75
75	9
54	57
57	54
54	34
34	54
29	57
57	34
34	57
38	34
34	38
94	18
18	94
29	92
92	29
86	79
79	86
75	2
2	75
93	83
83	93
10	64
64	10
46	64
64	46
95	30
30	95
25	42
42	25
31	42
42	31
67	13
13	67
18	0
18	49
82	34
34	82
0	92
92	0
94	55
55	94
94	71
71	94
15	46
46	15
21	51
51	21
54	52
52	54
52	64
23	53
53	23
69	53
53	69
91	99
99	91
94	25
25	94
9	94
30	91
91	30
67	54
54	67
60	93
93	60
93	23
23	93
31	93
93	31
38	30
30	38
43	66
66	43
66	91
91	66
17	54
54	17
70	91
91	70
65	37
81	70
70	81
81	18
18	81
18	98
98	18
68	53
53	68
3	57
52	87
52	41
41	52
1	31
31	1
1	75
75	1
87	82
82	87
36	84
84	36
84	16
16	22
13	76
76	13
37	18
18	37
89	47
47	89
19	93
93	19
82	81
81	82
32	97
97	32
36	91
91	36
87	18
18	87
84	75
75	84
33	30
30	33
75	90
90	75
31	30
30	31
40	31
31	40
67	47
47	67
55	95
95	55
86	96
96	86
72	49
49	72
40	99
99	40
84	14
71	18
18	71
7	18
18	7
43	18
18	43
97	95
95	97
9	46
46	9
46	21
21	46
78	89
89	78
72	98
98	72
62	63
63	62
80	43
43	80
92	16
40	3
3	40
40	35
21	34
34	21
47	9
9	47
5	10
33	42
42	33
98	20
20	98
67	44
44	67
53	5
5	53
48	54
54	48
39	9
6	21
21	6
62	87
67	41
41	67
21	18
18	21
20	95
95	20
1	74
2	96
96	2
43	57
57	43
32	79
79	32
20	82
82	20
66	29
29	66
24	43
6	8
8	6
99	32
32	99
93	98
98	93
1	25
25	1
21	17
69	37
8	66
66	8
98	83
83	98
63	45
45	63
97	38
38	97
95	79
95	90
90	95
36	8
8	36
98	6
6	98
3	41
41	3
1	7
7	1
78	81
81	78
0	82
82	0
1	50
50	1
1	23
23	1
58	48
2	19
19	2
94	88
47	83
83	47
27	17
17	27
63	68
68	63
1	77
77	1
72	2
2	72
95	60
62	18
32	45
97	44
61	53
53	61
0	68
19	8
8	19
87	32
32	87
73	54
54	73
55	49
49	55
73	0
0	73
59	26
26	59
93	17
17	93
95	59
59	95
95	26
26	95
35	14
99	9
9	99
41	79
79	41
8	51
99	12
12	99
96	81
81	96
15	90
90	15
30	6
67	21
21	67
98	95
95	98
8	69
40	60
60	40
68	18
95	65
65	95
22	93
93	22
93	63
63	93
97	0
0	97
58	59
46	51
51	46
64	29
29	64
99	54
54	99
28	78
52	16
16	52
72	11
11	72
59	67
67	59
64	70
70	64
0	55
55	0
66	25
25	66
12	8
50	86
86	50
76	59
59	76
62	70
70	62
55	77
8	13
13	8
72	18
18	72
19	42
42	19
59	55
71	45
45	71
46	7
7	46
40	24
24	40
21	41
41	21
83	64
64	83
10	29
29	10
58	37
37	58
99	13
13	99
36	30
30	36
31	90
90	31
49	14
79	62
62	79
94	8
8	94
98	0
0	98
77	90
90	77
69	94
94	69
37	19
19	37
96	53
53	96
90	96
96	90
83	28
28	83
88	47
47	88
19	62
11	64
64	11
95	19
19	95
35	1
18	58
58	18
59	6
6	59
14	10
10	14
78	74
29	93
93	29
29	91
91	29
89	80
80	89
80	68
68	80
31	16
16	31
36	85
85	36
1	19
19	1
24	22
35	85
85	35
72	34
34	72
24	16
16	24
93	65
65	93
79	45
45	79
13	87
87	13
54	88
88	54
81	52
52	81
29	62
62	29
99	6
56	99
99	56
29	58
67	12
12	67
71	0
0	71
9	64
92	4
4	92
59	73
73	59
10	2
2	10
63	76
76	63
17	66
66	17
77	58
58	77
84	13
13	84
19	35
35	19
55	86
86	55
11	58
58	11
64	94
94	64
58	91
91	58
9	29
29	9
1	59
59	1
68	87
72	13
13	72
80	55
55	80
23	91
91	23
94	16
16	94
17	33
33	17
87	53
53	87
68	2
2	68
37	78
78	37
22	6
6	22
10	82
82	10
1	30
30	1
32	55
55	32
81	27
27	81
83	19
19	83
31	85
85	31
79	83
83	79
89	92
92	89
57	0
0	57
25	13
13	25
48	67
34	70
33	9
9	33
72	86
13	92
55	29
29	55
74	49
49	74
29	99
99	29
19	28
28	19
31	80
80	31
19	72
72	19
